[array([[  43.16289729],
       [ -89.2824544 ],
       [ 136.31336961],
       [  31.44125724],
       [  27.54067328],
       [ -13.72668486],
       [  86.45785304],
       [ 206.05672783],
       [ 186.22772055],
       [ 542.92969721],
       [ 187.23616672],
       [ 260.29750566],
       [ 224.69635347],
       [ 187.51817261],
       [ 354.1603608 ],
       [ 247.20399977],
       [ 186.71255441],
       [ 365.74487588],
       [  79.87927613],
       [ 111.30008782],
       [  24.84291035]]), array([[ -12.23338294],
       [ -12.57340859],
       [  -8.34905989],
       [   0.33209483],
       [ -58.57719003],
       [  63.89901903],
       [ -77.81265389],
       [-236.57672395],
       [-132.15681504],
       [ 778.75147164],
       [-133.26007958],
       [ 359.88917994],
       [-365.3412564 ],
       [ -86.20580735],
       [ 140.47323192],
       [  -6.39541838],
       [ -84.63600346],
       [ 556.07031961],
       [  71.2850425 ],
       [ -11.25697948],
       [   4.41363393]])]